data:
  gpu: 0
  num_workers: 8
  train_dataset: /scratch/zd2260/cifar_train.beton
  val_dataset: /scratch/zd2260/cifar_test.beton

training:
  batch_size: 4196
  lr: 0.0005975286413928998
  epochs: 197
  momentum: 0.10238636068843364
  weight_decay: 0.00017996937774629834
  label_smoothing: 0.25861136071827134
  lr_tta: True
  num_workers: 8
  lr_peak_epoch: 27

seed:
  seednum: 17519

