data:
  gpu: 0
  num_workers: 8
  train_dataset: /scratch/zd2260/cifar_train.beton
  val_dataset: /scratch/zd2260/cifar_test.beton

training:
  batch_size: 4196
  lr: 0.0021990345348328203
  epochs: 229
  momentum: 0.28024754918206896
  weight_decay: 0.002303057223429495
  label_smoothing: 0.30287131115797866
  lr_tta: True
  num_workers: 8
  lr_peak_epoch: 223

seed:
  seednum: 8823

