data:
  gpu: 0
  num_workers: 8
  train_dataset: /scratch/zd2260/cifar_train.beton
  val_dataset: /scratch/zd2260/cifar_test.beton

training:
  batch_size: 4196
  lr: 0.00019918832490297943
  epochs: 30
  momentum: 0.4275712689907362
  weight_decay: 0.0009228705684758248
  label_smoothing: 0.2556176295648395
  lr_tta: True
  num_workers: 8
  lr_peak_epoch: 14

seed:
  seednum: 29151

