data:
  gpu: 0
  num_workers: 8
  train_dataset: /scratch/zd2260/cifar_train.beton
  val_dataset: /scratch/zd2260/cifar_test.beton

training:
  batch_size: 4196
  lr: 0.006342073679461183
  epochs: 68
  momentum: 0.025219681312483602
  weight_decay: 0.000161196359214548
  label_smoothing: 0.4999171022910144
  lr_tta: True
  num_workers: 8
  lr_peak_epoch: 52

seed:
  seednum: 11411

