data:
  gpu: 0
  num_workers: 8
  train_dataset: /scratch/zd2260/cifar_train.beton
  val_dataset: /scratch/zd2260/cifar_test.beton

training:
  batch_size: 4196
  lr: 0.0023291713379054936
  epochs: 132
  momentum: 0.40087955893717137
  weight_decay: 0.008062497696947528
  label_smoothing: 0.34055402595074524
  lr_tta: True
  num_workers: 8
  lr_peak_epoch: 9

seed:
  seednum: 12414

