data:
  gpu: 0
  num_workers: 8
  train_dataset: /scratch/zd2260/cifar_train.beton
  val_dataset: /scratch/zd2260/cifar_test.beton

training:
  batch_size: 4196
  lr: 0.0029437033154655658
  epochs: 171
  momentum: 0.6916269715840501
  weight_decay: 1.0033099134339683e-06
  label_smoothing: 5.82714237598854e-05
  lr_tta: True
  num_workers: 8
  lr_peak_epoch: 157

seed:
  seednum: 15477

