data:
  gpu: 0
  num_workers: 8
  train_dataset: /scratch/zd2260/cifar_train.beton
  val_dataset: /scratch/zd2260/cifar_test.beton

training:
  batch_size: 4196
  lr: 0.0002947109949733754
  epochs: 249
  momentum: 0.8693217085868781
  weight_decay: 1.386675632832451e-05
  label_smoothing: 0.42543317872551495
  lr_tta: True
  num_workers: 8
  lr_peak_epoch: 131

seed:
  seednum: 26345

