data:
  gpu: 0
  num_workers: 8
  train_dataset: /scratch/zd2260/cifar_train.beton
  val_dataset: /scratch/zd2260/cifar_test.beton

training:
  batch_size: 4196
  lr: 0.0031829253475598052
  epochs: 300
  momentum: 0.5719561556927586
  weight_decay: 9.757737369003092e-05
  label_smoothing: 0.06056931917544798
  lr_tta: True
  num_workers: 8
  lr_peak_epoch: 118

seed:
  seednum: 6280

