data:
  gpu: 0
  num_workers: 8
  train_dataset: /scratch/zd2260/cifar_train.beton
  val_dataset: /scratch/zd2260/cifar_test.beton

training:
  batch_size: 4196
  lr: 0.00010033003487765377
  epochs: 224
  momentum: 0.3041577018196619
  weight_decay: 5.439231119774499e-06
  label_smoothing: 0.46993032470034424
  lr_tta: True
  num_workers: 8
  lr_peak_epoch: 150

seed:
  seednum: 16414

