data:
  gpu: 0
  num_workers: 8
  train_dataset: /scratch/zd2260/cifar_train.beton
  val_dataset: /scratch/zd2260/cifar_test.beton

training:
  batch_size: 4196
  lr: 0.0014107119181149836
  epochs: 300
  momentum: 0.8591606086950266
  weight_decay: 8.494785785228136e-06
  label_smoothing: 0.00019732555155433512
  lr_tta: True
  num_workers: 8
  lr_peak_epoch: 54

seed:
  seednum: 1726

