data:
  gpu: 0
  num_workers: 8
  train_dataset: /scratch/zd2260/cifar_train.beton
  val_dataset: /scratch/zd2260/cifar_test.beton

training:
  batch_size: 4196
  lr: 0.002250945751793097
  epochs: 35
  momentum: 0.32406492264419695
  weight_decay: 0.013049931172749997
  label_smoothing: 0.08952024461611938
  lr_tta: True
  num_workers: 8
  lr_peak_epoch: 23

seed:
  seednum: 16628

