data:
  gpu: 0
  num_workers: 8
  train_dataset: /scratch/zd2260/cifar_train.beton
  val_dataset: /scratch/zd2260/cifar_test.beton

training:
  batch_size: 4196
  lr: 0.0030645119600211336
  epochs: 211
  momentum: 0.6617478381841803
  weight_decay: 0.0004164533005334205
  label_smoothing: 0.059503795134208164
  lr_tta: True
  num_workers: 8
  lr_peak_epoch: 104

seed:
  seednum: 30772

