data:
  gpu: 0
  num_workers: 8
  train_dataset: /scratch/zd2260/cifar_train.beton
  val_dataset: /scratch/zd2260/cifar_test.beton

training:
  batch_size: 4196
  lr: 0.0010205467233890529
  epochs: 117
  momentum: 0.0002947064227845665
  weight_decay: 2.5109524165799076e-05
  label_smoothing: 0.37058660221342027
  lr_tta: True
  num_workers: 8
  lr_peak_epoch: 60

seed:
  seednum: 16101

