data:
  gpu: 0
  num_workers: 8
  train_dataset: /scratch/zd2260/cifar_train.beton
  val_dataset: /scratch/zd2260/cifar_test.beton

training:
  batch_size: 4196
  lr: 0.018724208297389446
  epochs: 300
  momentum: 0.999490141551663
  weight_decay: 2.619844886475065e-05
  label_smoothing: 0.08465152876751512
  lr_tta: True
  num_workers: 8
  lr_peak_epoch: 264

seed:
  seednum: 22176

